  51  48  55  61  64 137 155 148 148 147 145 144 138 142 141 136
  54  53  49  54  63 138 161 157 155 156 157 156 146 150 149 140
  56  51  56  61  70 140 163 163 158 159 160 160 158 158 149 136
  59  53  52  61  68 132 156 158 166 170 170 169 165 159 153 143
  69  80  83  87  85 140 164 162 162 161 161 162 157 153 152 148
 123 139 139 142 152 156 156 160 158 157 157 158 159 155 151 142
 126 149 155 154 156 156 157 159 156 157 159 160 158 152 148 140
 126 152 157 159 160 159 158 161 163 161 161 162 171 159 152 140
 128 148 159 161 160 163 164 159 162 162 160 159 165 160 155 151
 128 147 151 159 158 166 167 160 159 161 160 160 161 160 155 150
 114 134 136 142 145 165 164 160 164 163 164 164 162 161 156 153
  44  57  64  74  74 144 163 158 161 162 163 164 161 157 156 154
  38  35  44  54  64 140 162 156 155 158 159 162 155 154 148 143
  32  33  36  47  63 142 159 159 162 161 162 162 154 154 148 143
  39  40  43  51  64 146 154 156 161 159 155 153 148 148 146 144
  39  42  43  47  54 140 137 137 143 147 143 140 139 138 137 137
  42  40  38  40  40 133 160 161 160 157 152 151 150 147 150 149
  41  43  42  42  45 130 158 159 157 156 155 154 152 151 153 146
  41  38  41  41  45 130 154 155 155 156 157 155 153 153 150 144
  40  37  40  42  42 129 153 155 157 157 153 152 149 152 151 146
  42  51  53  50  40 130 156 157 155 155 153 152 152 151 150 144
 133 156 153 153 159 161 159 158 154 153 154 155 153 152 150 144
 121 156 158 155 155 155 157 156 156 155 154 153 153 151 150 143
 125 154 157 157 156 155 155 153 154 154 154 152 150 151 152 147
 125 154 157 157 154 154 155 154 154 154 153 152 153 153 153 154
 128 154 155 157 153 154 155 153 156 156 153 152 152 153 153 154
 115 139 143 146 144 159 158 156 156 155 156 156 154 152 152 154
  25  27  26  27  24 142 161 155 157 156 155 155 155 152 153 153
  28  29  29  28  36 141 163 158 155 157 155 154 156 152 151 152
  26  26  26  25  32 139 156 156 155 155 155 154 157 153 152 153
  22  25  24  24  34 144 159 156 154 154 153 153 153 150 149 150
  25  24  24  24  29 131 143 143 142 144 145 148 148 148 144 140
  37  37  35  35  34 130 154 154 157 155 149 147 145 144 144 140
  34  36  35  36  41 129 156 156 156 154 152 152 149 150 150 142
  34  35  35  34  38 127 154 157 151 152 152 150 149 151 148 142
  36  36  33  36  37 127 153 156 154 153 149 149 150 147 144 137
  38  50  53  50  40 130 157 158 157 155 152 151 152 149 146 140
 128 150 151 151 157 157 157 159 153 152 151 151 150 152 150 143
 118 155 155 149 147 153 154 157 149 149 150 151 149 149 147 141
 121 154 156 155 154 153 152 155 150 151 152 152 149 148 149 145
 124 154 153 154 152 153 154 154 151 151 150 150 152 150 149 150
 121 152 152 155 153 153 154 153 152 152 151 152 154 151 151 151
 108 134 139 143 142 156 155 155 153 151 152 153 151 154 149 145
  17  20  21  25  25 136 155 152 153 153 152 152 154 153 153 152
  17  21  24  25  32 137 159 152 154 155 151 150 149 152 151 150
  19  18  20  22  30 134 151 153 155 154 152 151 148 150 151 151
  19  15  16  20  30 135 152 154 155 154 152 153 151 148 144 143
  18  19  19  19  24 125 140 140 141 142 140 141 139 137 133 131

 136 140 136 143 148 142 140 140 151 150 153 154 143 143 144 137
 141 149 149 153 152 151 148 152 155 155 156 156 148 148 146 137
 142 150 158 159 153 155 152 159 160 160 161 157 154 154 148 138
 138 146 158 165 157 159 158 171 165 161 162 161 155 154 148 139
 144 156 160 169 162 158 160 162 159 160 164 164 162 162 153 140
 145 157 160 170 161 157 159 161 160 160 164 163 159 162 155 143
 147 156 159 170 161 157 157 161 162 161 163 162 158 161 159 147
 148 155 158 166 162 158 156 163 162 159 164 161 155 162 161 143
 148 157 163 158 162 160 159 161 159 160 160 158 156 159 156 137
 155 161 163 156 164 156 157 158 164 167 164 163 162 159 154 137
 137 138 140 132 140 156 156 159 163 166 165 144 140 142 146 140
  64  63  70  68  85 152 156 160 160 158 145  74  64  63  64  54
  61  54  61  61  87 142 154 159 161 159 142  74  54  47  51  47
  55  49  56  52  83 139 155 157 159 151 136  64  44  36  43  43
  48  53  51  53  80 139 149 152 148 147 134  57  35  33  40  42
  51  54  56  59  69 123 126 126 128 128 114  44  38  32  39  39
 149 146 144 146 144 144 143 147 154 154 154 153 152 153 150 140
 150 153 150 151 150 150 150 152 153 153 152 153 151 152 149 144
 147 151 153 152 151 152 151 151 153 153 152 152 152 153 150 148
 150 152 153 149 152 153 153 150 153 152 154 155 156 157 153 148
 151 154 155 152 152 155 153 152 152 152 156 155 154 154 153 148
 152 155 157 153 153 154 154 154 153 153 156 155 155 155 153 145
 157 156 156 157 155 153 155 154 154 156 155 156 157 155 154 144
 160 157 155 157 155 154 156 154 154 156 156 157 155 155 154 142
 161 159 155 155 157 158 156 153 154 153 156 155 158 156 156 143
 160 158 154 153 156 159 157 155 155 155 158 161 163 156 159 143
 133 130 130 129 130 161 155 155 154 154 159 142 141 139 144 131
  40  45  45  42  40 159 155 156 154 153 144  24  36  32  34  29
  40  42  41  42  50 153 155 157 157 157 146  27  28  25  24  24
  38  42  41  40  53 153 158 157 157 155 143  26  29  26  24  24
  40  43  38  37  51 156 156 154 154 154 139  27  29  26  25  24
  42  41  41  40  42 133 121 125 125 128 115  25  28  26  22  25
 140 142 142 137 140 143 141 145 150 151 145 152 150 151 143 131
 144 150 148 144 146 150 147 149 149 151 149 153 151 151 144 133
 144 150 151 147 149 152 149 148 150 151 154 153 152 150 148 137
 145 149 149 150 152 150 149 149 152 154 151 154 149 148 151 139
 147 152 150 149 151 151 151 152 150 152 153 152 150 151 153 141
 149 152 152 149 152 151 150 152 150 151 152 152 151 152 152 140
 155 154 152 153 155 152 149 151 151 152 151 153 155 154 154 142
 157 156 151 154 157 153 149 150 151 152 153 153 154 155 155 141
 154 156 157 156 158 159 157 155 154 153 155 152 152 153 154 140
 154 156 154 153 157 157 154 152 154 154 155 155 159 151 152 140
 130 129 127 127 130 157 153 153 153 153 156 136 137 134 135 125
  34  41  38  37  40 157 147 154 152 153 142  25  32  30  30  24
  35  36  34  36  50 151 149 155 154 155 143  25  25  22  20  19
  35  35  35  33  53 151 155 156 153 152 139  21  24  20  16  19
  37  36  35  36  50 150 155 154 154 152 134  20  21  18  15  19
  37  34  34  36  38 128 118 121 124 121 108  17  17  19  19  18

 137 137 138 139 140 143 147 143 137 137 140  54  47  43  42  39
 144 146 148 148 153 155 159 161 156 154 146  64  51  43  40  39
 143 148 154 154 162 162 161 162 159 159 142  63  47  36  33  32
 143 148 154 155 162 159 158 155 156 162 140  64  54  44  35  38
 154 156 157 161 164 163 162 161 158 163 144  74  74  64  57  44
 153 156 161 162 164 164 163 164 160 164 165 145 142 136 134 114
 150 155 160 161 160 160 161 159 160 167 166 158 159 151 147 128
 151 155 160 165 159 160 162 162 159 164 163 160 161 159 148 128
 140 152 159 171 162 161 161 163 161 158 159 160 159 157 152 126
 140 148 152 158 160 159 157 156 159 157 156 156 154 155 149 126
 142 151 155 159 158 157 157 158 160 156 156 152 142 139 139 123
 148 152 153 157 162 161 161 162 162 164 140  85  87  83  80  69
 143 153 159 165 169 170 170 166 158 156 132  68  61  52  53  59
 136 149 158 158 160 160 159 158 163 163 140  70  61  56  51  56
 140 149 150 146 156 157 156 155 157 161 138  63  54  49  53  54
 136 141 142 138 144 145 147 148 148 155 137  64  61  55  48  51
 140 144 148 148 148 145 144 142 143 143 131  29  24  24  24  25
 150 149 150 153 153 153 154 154 156 159 144  34  24  24  25  22
 153 152 153 157 154 155 155 155 156 156 139  32  25  26  26  26
 152 151 152 156 154 155 157 155 158 163 141  36  28  29  29  28
 153 153 152 155 155 155 156 157 155 161 142  24  27  26  27  25
 154 152 152 154 156 156 155 156 156 158 159 144 146 143 139 115
 154 153 153 152 152 153 156 156 153 155 154 153 157 155 154 128
 154 153 153 153 152 153 154 154 154 155 154 154 157 157 154 125
 147 152 151 150 152 154 154 154 153 155 155 156 157 157 154 125
 143 150 151 153 153 154 155 156 156 157 155 155 155 158 156 121
 144 150 152 153 155 154 153 154 158 159 161 159 153 153 156 133
 144 150 151 152 152 153 155 155 157 156 130  40  50  53  51  42
 146 151 152 149 152 153 157 157 155 153 129  42  42  40  37  40
 144 150 153 153 155 157 156 155 155 154 130  45  41  41  38  41
 146 153 151 152 154 155 156 157 159 158 130  45  42  42  43  41
 149 150 147 150 151 152 157 160 161 160 133  40  40  38  40  42
 131 133 137 139 141 140 142 141 140 140 125  24  19  19  19  18
 143 144 148 151 153 152 154 155 154 152 135  30  20  16  15  19
 151 151 150 148 151 152 154 155 153 151 134  30  22  20  18  19
 150 151 152 149 150 151 155 154 152 159 137  32  25  24  21  17
 152 153 153 154 152 152 153 153 152 155 136  25  25  21  20  17
 145 149 154 151 153 152 151 153 155 155 156 142 143 139 134 108
 151 151 151 154 152 151 152 152 153 154 153 153 155 152 152 121
 150 149 150 152 150 150 151 151 154 154 153 152 154 153 154 124
 145 149 148 149 152 152 151 150 155 152 153 154 155 156 154 121
 141 147 149 149 151 150 149 149 157 154 153 147 149 155 155 118
 143 150 152 150 151 151 152 153 159 157 157 157 151 151 150 128
 140 146 149 152 151 152 155 157 158 157 130  40  50  53  50  38
 137 144 147 150 149 149 153 154 156 153 127  37  36  33  36  36
 142 148 151 149 150 152 152 151 157 154 127  38  34  35  35  34
 142 150 150 149 152 152 154 156 156 156 129  41  36  35  36  34
 140 144 144 145 147 149 155 157 154 154 130  34  35  35  37  37

  39  39  32  38  44 114 128 128 126 126 123  69  59  56  54  51
  42  40  33  35  57 134 147 148 152 149 139  80  53  51  53  48
  43  43  36  44  64 136 151 159 157 155 139  83  52  56  49  55
  47  51  47  54  74 142 159 161 159 154 142  87  61  61  54  61
  54  64  63  64  74 145 158 160 160 156 152  85  68  70  63  64
 140 146 142 140 144 165 166 163 159 156 156 140 132 140 138 137
 137 154 159 162 163 164 167 164 158 157 156 164 156 163 161 155
 137 156 159 156 158 160 160 159 161 159 160 162 158 163 157 148
 143 161 162 155 161 164 159 162 163 156 158 162 166 158 155 148
 147 159 161 158 162 163 161 162 161 157 157 161 170 159 156 147
 143 155 162 159 163 164 160 160 161 159 157 161 170 160 157 145
 140 153 162 162 164 164 160 159 162 160 158 162 169 160 156 144
 139 148 154 155 161 162 161 165 171 158 159 157 165 158 146 138
 138 148 154 154 157 161 160 160 159 152 155 153 159 158 150 142
 137 146 148 148 156 156 155 155 152 148 151 152 153 149 149 141
 137 144 143 143 154 153 150 151 140 140 142 148 143 136 140 136
  25  22  26  28  25 115 128 125 125 121 133  42  40  41  41  42
  24  25  26  29  27 139 154 154 154 156 156  51  37  38  43  40
  24  24  26  29  26 143 155 157 157 158 153  53  40  41  42  38
  24  24  25  28  27 146 157 157 157 155 153  50  42  41  42  40
  29  34  32  36  24 144 153 154 156 155 159  40  42  45  45  40
 131 144 139 141 142 159 154 154 155 155 161 130 129 130 130 133
 143 159 156 163 161 158 155 155 155 157 159 156 153 154 158 160
 143 156 156 158 155 156 153 154 153 156 158 157 155 155 159 161
 142 154 155 155 157 156 156 154 154 156 154 155 157 155 157 160
 144 154 155 157 156 155 156 154 154 155 153 155 157 156 156 157
 145 153 155 155 155 156 153 153 154 154 154 153 153 157 155 152
 148 153 154 154 155 156 152 152 152 153 155 152 152 155 154 151
 148 153 157 156 155 154 152 153 150 153 153 152 149 153 152 150
 148 150 153 152 152 152 153 153 151 151 152 151 152 153 151 147
 144 149 152 151 153 152 153 153 152 150 150 150 151 150 153 150
 140 150 153 152 153 154 154 154 147 143 144 144 146 144 146 149
  18  19  19  17  17 108 121 124 121 118 128  38  36  34  34  37
  19  15  18  21  20 134 152 154 154 155 150  50  36  35  36  37
  19  16  20  24  21 139 152 153 156 155 151  53  33  35  35  35
  19  20  22  25  25 143 155 154 155 149 151  50  36  34  36  35
  24  30  30  32  25 142 153 152 154 147 157  40  37  38  41  34
 125 135 134 137 136 156 153 153 153 153 157 130 127 127 129 130
 140 152 151 159 155 155 154 154 152 154 157 157 153 154 156 154
 140 154 153 152 152 155 153 154 155 157 159 158 156 157 156 154
 141 155 155 154 153 153 152 151 150 149 153 157 154 151 156 157
 142 154 154 155 153 151 152 151 151 149 152 155 153 152 154 155
 140 152 152 151 152 152 151 150 152 150 151 152 149 152 152 149
 141 153 151 150 152 153 152 150 152 151 151 151 149 150 152 147
 139 151 148 149 154 151 154 152 149 149 150 152 150 149 149 145
 137 148 150 152 153 154 151 150 148 149 152 149 147 151 150 144
 133 144 151 151 153 149 151 149 149 147 150 146 144 148 150 144
 131 143 151 150 152 145 151 150 145 141 143 140 137 142 142 140

